x lo hi
0.0000 -3.6000 2.4000
0.0710 -3.5980 2.3995
0.1420 -3.5919 2.3980
0.2130 -3.5819 2.3955
0.2840 -3.5678 2.3919
0.3550 -3.5498 2.3873
0.4260 -3.5279 2.3817
0.4970 -3.5021 2.3751
0.5680 -3.4725 2.3673
0.6390 -3.4391 2.3585
0.7100 -3.4020 2.3486
0.7810 -3.3614 2.3375
0.8520 -3.3172 2.3253
0.9230 -3.2696 2.3119
0.9940 -3.2187 2.2974
1.0649 -3.1646 2.2816
1.1359 -3.1074 2.2645
1.2069 -3.0473 2.2462
1.2779 -2.9842 2.2266
1.3489 -2.9185 2.2057
1.4199 -2.8502 2.1834
1.4909 -2.7794 2.1597
1.5619 -2.7063 2.1346
1.6329 -2.6311 2.1081
1.7039 -2.5539 2.0802
1.7749 -2.4748 2.0508
1.8459 -2.3940 2.0199
1.9169 -2.3116 1.9875
1.9879 -2.2279 1.9536
2.0589 -2.1429 1.9183
2.1299 -2.0568 1.8814
2.2009 -1.9698 1.8430
2.2719 -1.8821 1.8031
2.3429 -1.7937 1.7616
2.4139 -1.7048 1.7187
2.4849 -1.6156 1.6744
2.5559 -1.5262 1.6286
2.6269 -1.4368 1.5813
2.6979 -1.3475 1.5327
2.7689 -1.2584 1.4827
2.8399 -1.1697 1.4314
2.9109 -1.0816 1.3789
2.9819 -0.9940 1.3251
3.0528 -0.9072 1.2702
3.1238 -0.8213 1.2142
3.1948 -0.7364 1.1571
3.2658 -0.6525 1.0991
3.3368 -0.5699 1.0403
3.4078 -0.4885 0.9806
3.4788 -0.4085 0.9202
3.5498 -0.3300 0.8592
3.6208 -0.2529 0.7977
3.6918 -0.1775 0.7358
3.7628 -0.1038 0.6736
3.8338 -0.0319 0.6112
3.9048 0.0383 0.5487
3.9758 0.1066 0.4862
4.0468 0.1730 0.4238
4.1178 0.2375 0.3617
4.1888 0.3000 0.3000
4.2610 0.2377 0.3615
4.3332 0.1761 0.4209
4.4055 0.1153 0.4781
4.4777 0.0554 0.5332
4.5499 -0.0035 0.5861
4.6221 -0.0611 0.6368
4.6943 -0.1175 0.6853
4.7666 -0.1724 0.7316
4.8388 -0.2258 0.7756
4.9110 -0.2774 0.8175
4.9832 -0.3273 0.8571
5.0554 -0.3751 0.8945
5.1277 -0.4210 0.9298
5.1999 -0.4647 0.9628
5.2721 -0.5060 0.9936
5.3443 -0.5451 1.0222
5.4165 -0.5816 1.0487
5.4888 -0.6156 1.0730
5.5610 -0.6469 1.0951
5.6332 -0.6755 1.1151
5.7054 -0.7012 1.1330
5.7776 -0.7241 1.1488
5.8499 -0.7441 1.1624
5.9221 -0.7611 1.1739
5.9943 -0.7751 1.1833
6.0665 -0.7859 1.1906
6.1387 -0.7937 1.1958
6.2110 -0.7984 1.1990
6.2832 -0.8000 1.2000
6.3543 -0.8045 1.2030
6.4254 -0.8181 1.2120
6.4966 -0.8403 1.2267
6.5677 -0.8708 1.2466
6.6388 -0.9089 1.2712
6.7100 -0.9540 1.3000
6.7811 -1.0054 1.3322
6.8522 -1.0625 1.3673
6.9233 -1.1245 1.4047
6.9945 -1.1908 1.4438
7.0656 -1.2608 1.4841
7.1367 -1.3341 1.5253
7.2079 -1.4100 1.5669
7.2790 -1.4881 1.6086
7.3501 -1.5681 1.6502
7.4213 -1.6495 1.6914
7.4924 -1.7321 1.7321
7.5635 -1.8153 1.7719
7.6346 -1.8990 1.8109
7.7058 -1.9829 1.8488
7.7769 -2.0667 1.8857
7.8480 -2.1502 1.9213
7.9192 -2.2330 1.9557
7.9903 -2.3151 1.9889
8.0614 -2.3960 2.0207
8.1325 -2.4758 2.0511
8.2037 -2.5540 2.0802
8.2748 -2.6307 2.1079
8.3459 -2.7054 2.1343
8.4171 -2.7782 2.1593
8.4882 -2.8488 2.1829
8.5593 -2.9170 2.2052
8.6305 -2.9827 2.2261
8.7016 -3.0458 2.2458
8.7727 -3.1060 2.2641
8.8438 -3.1633 2.2812
8.9150 -3.2175 2.2970
8.9861 -3.2685 2.3116
9.0572 -3.3162 2.3250
9.1284 -3.3605 2.3373
9.1995 -3.4013 2.3484
9.2706 -3.4385 2.3583
9.3417 -3.4720 2.3672
9.4129 -3.5017 2.3750
9.4840 -3.5276 2.3816
9.5551 -3.5496 2.3873
9.6263 -3.5677 2.3919
9.6974 -3.5818 2.3954
9.7685 -3.5919 2.3980
9.8397 -3.5980 2.3995
9.9108 -3.6000 2.4000
